-14.65480000   0.00000000   0.00000000 
-14.59880000   0.00000000   0.00000000 
-14.54180000   0.00000000   0.00000000 
-14.48480000   0.00000000   0.00000000 
-14.42780000   0.00000000   0.00000000 
-14.37180000   0.00000000   0.00000000 
-14.31480000   0.00000000   0.00000000 
-14.25780000   0.00000000   0.00000000 
-14.20080000   0.00000000   0.00000000 
-14.14480000   0.00000000   0.00000000 
-14.08780000   0.00000000   0.00000000 
-14.03080000   0.00000000   0.00000000 
-13.97380000   0.00000000   0.00000000 
-13.91780000   0.00000000   0.00000000 
-13.86080000   1.22800000   0.01267000 
-13.80380000   4.60500000   0.17820000 
-13.74680000   4.71300000   0.44450000 
-13.69080000   5.00200000   0.71480000 
-13.63380000   4.71100000   1.01000000 
-13.57680000   4.06600000   1.24100000 
-13.51980000   5.08600000   1.50000000 
-13.46380000   6.22600000   1.81900000 
-13.40680000   6.38300000   2.19100000 
-13.34980000   5.85700000   2.53500000 
-13.29280000   5.86300000   2.86700000 
-13.23680000   6.37800000   3.20900000 
-13.17980000   7.23100000   3.59500000 
-13.12280000   8.22700000   4.03200000 
-13.06580000   8.26500000   4.52200000 
-13.00980000   5.10400000   4.83600000 
-12.95280000   9.44300000   5.21600000 
-12.89580000  12.73000000   5.87400000 
-12.83880000  26.33000000   6.91400000 
-12.78280000   2.99100000   8.13700000 
-12.72580000   5.93400000   8.39000000 
-12.66880000  15.66000000   8.91700000 
-12.61180000  22.19000000   9.90000000 
-12.55580000  20.56000000  11.13000000 
-12.49880000   8.39500000  11.83000000 
-12.44180000  60.95000000  13.39000000 
-12.38480000  15.42000000  16.12000000 
-12.32880000  60.16000000  17.85000000 
-12.27180000  24.82000000  20.11000000 
-12.21480000  44.41000000  21.60000000 
-12.15780000  13.33000000  25.16000000 
-12.10180000  44.02000000  26.86000000 
-12.04480000  29.16000000  29.49000000 
-11.98780000  12.92000000  31.82000000 
-11.93080000  32.54000000  33.41000000 
-11.87480000  33.77000000  35.02000000 
-11.81780000  60.20000000  38.85000000 
-11.76080000  18.41000000  41.83000000 
-11.70380000  31.93000000  43.40000000 
-11.64780000  55.71000000  44.68000000 
-11.59080000  38.15000000  47.95000000 
-11.53380000  71.21000000  48.89000000 
-11.47680000  65.41000000  52.60000000 
-11.42080000  26.94000000  55.34000000 
-11.36380000  71.82000000  57.18000000 
-11.30680000   0.00000000  60.00000000 
-11.24980000  35.18000000  60.95000000 
-11.19380000  81.48000000  64.64000000 
-11.13680000 106.00000000  67.80000000 
-11.07980000  21.59000000  69.37000000 
-11.02280000  34.39000000  70.28000000 
-10.96680000   0.00000000  72.00000000 
-10.90980000  32.28000000  73.88000000 
-10.85280000  55.80000000  75.68000000 
-10.79580000  18.48000000  77.42000000 
-10.73980000  18.47000000  78.46000000 
-10.68280000  17.65000000  79.48000000 
-10.62580000  18.40000000  80.49000000 
-10.56880000  20.36000000  81.57000000 
-10.51280000  18.75000000  82.74000000 
-10.45580000  14.23000000  83.71000000 
-10.39880000   0.00000000  84.00000000 
-10.34180000  15.21000000  84.24000000 
-10.28580000  19.46000000  85.14000000 
-10.22880000   8.27900000  86.02000000 
-10.17180000   8.27700000  86.49000000 
-10.11480000   8.27500000  86.96000000 
-10.05880000  20.80000000  87.57000000 
-10.00180000  21.19000000  88.75000000 
 -9.94480000  15.94000000  89.89000000 
 -9.88780000  55.60000000  91.79000000 
 -9.83180000   0.00000000  92.00000000 
 -9.77480000   0.00000000  92.00000000 
 -9.71780000   7.45800000  92.35000000 
 -9.66080000   7.45800000  92.77000000 
 -9.60480000   8.43900000  93.22000000 
 -9.54780000   8.43800000  93.70000000 
 -9.49080000  18.42000000  94.82000000 
 -9.43380000  16.42000000  95.77000000 
 -9.37780000   0.00000000  96.00000000 
 -9.32080000   0.00000000  96.00000000 
 -9.26380000   0.00000000  96.00000000 
 -9.20780000   0.00000000  96.00000000 
 -9.15080000   0.00000000  96.00000000 
 -9.09380000   0.00000000  96.00000000 
 -9.03680000   0.00000000  96.00000000 
 -8.98080000   0.00000000  96.00000000 
 -8.92380000   0.00000000  96.00000000 
 -8.86680000   0.00000000  96.00000000 
 -8.80980000   0.00000000  96.00000000 
 -8.75380000   0.00000000  96.00000000 
 -8.69680000   0.00000000  96.00000000 
 -8.63980000   0.00000000  96.00000000 
 -8.58280000   0.00000000  96.00000000 
 -8.52680000   0.00000000  96.00000000 
 -8.46980000   0.00000000  96.00000000 
 -8.41280000   0.00000000  96.00000000 
 -8.35580000   0.00000000  96.00000000 
 -8.29980000   0.00000000  96.00000000 
 -8.24280000   0.00000000  96.00000000 
 -8.18580000   0.00000000  96.00000000 
 -8.12880000   0.00000000  96.00000000 
 -8.07280000   0.00000000  96.00000000 
 -8.01580000   0.00000000  96.00000000 
 -7.95880000   0.00000000  96.00000000 
 -7.90180000   0.00000000  96.00000000 
 -7.84580000   0.41570000  96.00000000 
 -7.78880000   2.09600000  96.07000000 
 -7.73180000   3.77600000  96.24000000 
 -7.67480000   6.62500000  96.54000000 
 -7.61880000   7.18900000  96.94000000 
 -7.56180000  11.96000000  97.53000000 
 -7.50480000  17.66000000  98.36000000 
 -7.44780000  18.86000000  99.40000000 
 -7.39180000  20.38000000 100.50000000 
 -7.33480000  19.87000000 101.70000000 
 -7.27780000  17.34000000 102.70000000 
 -7.22080000  20.12000000 103.80000000 
 -7.16480000  18.57000000 104.90000000 
 -7.10780000  19.07000000 105.90000000 
 -7.05080000  17.66000000 107.10000000 
 -6.99380000  21.60000000 108.20000000 
 -6.93780000  24.17000000 109.60000000 
 -6.88080000  26.58000000 111.00000000 
 -6.82380000  33.45000000 112.50000000 
 -6.76680000  41.78000000 114.80000000 
 -6.71080000  30.31000000 116.80000000 
 -6.65380000  19.99000000 118.30000000 
 -6.59680000  27.52000000 119.70000000 
 -6.53980000  30.80000000 121.60000000 
 -6.48380000  36.04000000 123.30000000 
 -6.42680000  20.54000000 124.90000000 
 -6.36980000  40.05000000 127.10000000 
 -6.31280000  57.64000000 130.00000000 
 -6.25680000  31.24000000 132.40000000 
 -6.19980000  45.47000000 135.00000000 
 -6.14280000  41.11000000 138.50000000 
 -6.08580000  17.20000000 140.80000000 
 -6.02980000  77.58000000 143.10000000 
 -5.97280000  70.47000000 146.40000000 
 -5.91580000  70.22000000 150.20000000 
 -5.85880000 110.30000000 151.90000000 
 -5.80280000  52.24000000 156.60000000 
 -5.74580000  89.54000000 161.40000000 
 -5.68880000  81.54000000 165.90000000 
 -5.63180000  43.92000000 170.10000000 
 -5.57580000  30.45000000 175.80000000 
 -5.51880000 123.50000000 180.90000000 
 -5.46180000  86.74000000 186.30000000 
 -5.40480000 114.80000000 191.30000000 
 -5.34880000  21.72000000 196.20000000 
 -5.29180000  29.05000000 200.00000000 
 -5.23480000 137.10000000 205.00000000 
 -5.17780000 181.50000000 211.10000000 
 -5.12180000  17.42000000 216.10000000 
 -5.06480000  72.29000000 220.60000000 
 -5.00780000 115.00000000 225.10000000 
 -4.95080000  27.09000000 230.10000000 
 -4.89480000  55.25000000 235.00000000 
 -4.83780000  36.15000000 240.40000000 
 -4.78080000  79.42000000 246.10000000 
 -4.72380000  30.19000000 249.70000000 
 -4.66780000  20.51000000 253.70000000 
 -4.61080000  56.53000000 257.40000000 
 -4.55380000 105.10000000 261.50000000 
 -4.49680000  86.26000000 266.90000000 
 -4.44080000  40.48000000 270.70000000 
 -4.38380000  56.85000000 274.50000000 
 -4.32680000  39.75000000 279.30000000 
 -4.26980000  46.37000000 283.30000000 
 -4.21380000  63.28000000 286.30000000 
 -4.15680000  67.29000000 291.50000000 
 -4.09980000  60.52000000 294.80000000 
 -4.04280000  46.67000000 299.60000000 
 -3.98680000 132.90000000 303.80000000 
 -3.92980000  65.09000000 307.40000000 
 -3.87280000  57.43000000 310.40000000 
 -3.81580000  60.08000000 313.80000000 
 -3.75980000  55.03000000 317.50000000 
 -3.70280000  52.99000000 320.50000000 
 -3.64580000  68.49000000 323.90000000 
 -3.58880000  52.57000000 327.40000000 
 -3.53280000  42.81000000 330.20000000 
 -3.47580000  46.90000000 332.60000000 
 -3.41880000  51.01000000 335.50000000 
 -3.36180000  43.45000000 338.10000000 
 -3.30580000  47.14000000 340.60000000 
 -3.24880000  52.04000000 343.40000000 
 -3.19180000  43.50000000 346.30000000 
 -3.13480000  44.81000000 348.90000000 
 -3.07880000  50.60000000 351.60000000 
 -3.02180000  41.41000000 354.00000000 
 -2.96480000  41.23000000 356.20000000 
 -2.90780000  34.85000000 358.40000000 
 -2.85180000  31.55000000 360.20000000 
 -2.79480000  29.91000000 361.90000000 
 -2.73780000  30.84000000 363.60000000 
 -2.68080000  29.23000000 365.30000000 
 -2.62480000  31.40000000 367.00000000 
 -2.56780000  35.90000000 368.90000000 
 -2.51080000  43.29000000 371.40000000 
 -2.45380000  25.73000000 373.30000000 
 -2.39780000  35.04000000 375.10000000 
 -2.34080000  27.30000000 376.90000000 
 -2.28380000  21.07000000 378.30000000 
 -2.22680000  37.68000000 379.60000000 
 -2.17080000  33.09000000 381.30000000 
 -2.11380000  53.14000000 383.30000000 
 -2.05680000  26.36000000 384.80000000 
 -1.99980000  34.51000000 386.40000000 
 -1.94380000  52.76000000 388.80000000 
 -1.88680000  30.75000000 392.10000000 
 -1.82980000  44.52000000 395.80000000 
 -1.77280000  83.19000000 397.70000000 
 -1.71680000  40.65000000 400.60000000 
 -1.65980000  45.57000000 403.30000000 
 -1.60280000  52.13000000 405.80000000 
 -1.54580000  43.16000000 408.30000000 
 -1.48980000  35.16000000 410.60000000 
 -1.43280000  31.77000000 412.50000000 
 -1.37580000  39.73000000 414.30000000 
 -1.31880000  23.78000000 416.90000000 
 -1.26280000  25.07000000 418.30000000 
 -1.20580000  43.18000000 420.30000000 
 -1.14880000  36.01000000 422.60000000 
 -1.09180000  26.34000000 424.50000000 
 -1.03580000  38.05000000 426.50000000 
 -0.97880000  50.62000000 429.50000000 
 -0.92180000  73.58000000 432.00000000 
 -0.86480000  42.49000000 435.20000000 
 -0.80880000  45.18000000 437.80000000 
 -0.75180000  48.82000000 440.60000000 
 -0.69480000  42.91000000 443.50000000 
 -0.63780000  45.51000000 446.00000000 
 -0.58180000  60.88000000 448.80000000 
 -0.52480000  51.95000000 452.30000000 
 -0.46780000  48.78000000 455.20000000 
 -0.41080000  23.36000000 458.80000000 
 -0.35480000  52.19000000 461.10000000 
 -0.29780000  39.37000000 463.90000000 
 -0.24080000  50.74000000 466.50000000 
 -0.18380000  28.36000000 469.40000000 
 -0.12780000  97.73000000 471.90000000 
 -0.07080000  68.33000000 475.40000000 
 -0.01380000  47.83000000 479.20000000 
  0.04320000  37.93000000 483.00000000 
  0.09920000  57.09000000 485.90000000 
  0.15620000  74.99000000 489.60000000 
  0.21320000  79.53000000 493.40000000 
  0.27020000  86.06000000 497.20000000 
  0.32620000  23.27000000 500.90000000 
  0.38320000  54.64000000 504.80000000 
  0.44020000 139.70000000 509.10000000 
  0.49720000  67.70000000 513.00000000 
  0.55320000  83.14000000 517.40000000 
  0.61020000 123.50000000 522.80000000 
  0.66720000 113.00000000 527.40000000 
  0.72420000  75.67000000 530.60000000 
  0.78020000  78.56000000 536.40000000 
  0.83720000  79.90000000 540.90000000 
  0.89420000  81.85000000 545.50000000 
  0.95120000  93.40000000 550.00000000 
  1.00720000  54.89000000 554.80000000 
  1.06420000 102.60000000 558.50000000 
  1.12120000  60.77000000 562.80000000 
  1.17820000  81.69000000 566.30000000 
  1.23420000  47.64000000 570.00000000 
  1.29120000  30.80000000 572.30000000 
  1.34820000  35.31000000 574.60000000 
  1.40520000  14.73000000 576.00000000 
  1.46120000  27.86000000 577.60000000 
  1.51820000  27.38000000 578.80000000 
  1.57520000   5.97000000 579.90000000 
  1.63220000   0.00000000 580.00000000 
  1.68820000   0.00000000 580.00000000 
  1.74520000   0.00000000 580.00000000 
  1.80220000   0.00000000 580.00000000 
  1.85920000   0.00000000 580.00000000 
  1.91520000   0.00000000 580.00000000 
  1.97220000   0.00000000 580.00000000 
  2.02920000   0.00000000 580.00000000 
  2.08620000   0.00000000 580.00000000 
  2.14220000   0.00000000 580.00000000 
  2.19920000   0.00000000 580.00000000 
  2.25620000   0.00000000 580.00000000 
  2.31320000   0.00000000 580.00000000 
  2.36920000   0.00000000 580.00000000 
